$ANSIBLE_VAULT;1.1;AES256
38623933383064313438326331656635373937313635643031373533623463363661393833386530
6533333232346165666435613836376562666334623038320a386139373337343932613132656434
35326366313264393463393363383265633966623664373232393738386138353739386632333536
6430373132353361330a653961313032386164353034623731616332363437316635346262643264
38346537656230333766333465663263306164373833343636336538383564383938393038303837
61306639613837393132393630613761376566666537653763343361393366343633376235356265
62613534656464373061663265376433656463326132333333363731363766663334303339356436
34643230663234633836373631303539393665333731303966616665666637383961633338646430
65383066626134366261356333333966376666306666373037656366663635363834306438623932
32663332656265363063643836386532356530636663653165623163353465363637336663666337
33646430616563343837306632626534646261346136333065646336326164356334333366616461
30323338656138613030386535623561646465303536663464393166636239336438626633633864
61666464643033363835346431313165643433373664636232343235396332346162366633363630
3430623236353763386233333739643032386431303734393131
